    0.000000  122.962158
    1.000000  122.914894
    2.000000  122.723671
    3.000000  122.645523
    4.000000  122.513412
    5.000000  122.084908
    6.000000  121.892296
    7.000000  121.810249
    8.000000  121.483536
    9.000000  121.114708
   10.000000  120.595917
   11.000000  120.245720
   12.000000  119.921478
   13.000000  119.891518
   14.000000  119.671059
   15.000000  119.607933
   16.000000  119.292419
   17.000000  118.913971
   18.000000  118.551353
   19.000000  118.447922
   20.000000  118.240158
   21.000000  117.892204
   22.000000  117.251015
   23.000000  117.224205
   24.000000  117.091293
   25.000000  116.766479
   26.000000  116.648132
   27.000000  116.503166
   28.000000  116.341354
   29.000000  116.171944
   30.000000  116.010437
   31.000000  115.914268
   32.000000  115.324158
   33.000000  115.047768
   34.000000  114.842453
   35.000000  114.686821
   36.000000  114.666115
   37.000000  114.547859
   38.000000  114.506035
   39.000000  114.406067
   40.000000  114.301117
   41.000000  114.220673
   42.000000  113.865898
   43.000000  113.781273
   44.000000  113.687828
   45.000000  113.392227
   46.000000  112.726166
   47.000000  112.677559
   48.000000  111.929741
   49.000000  111.775093
   50.000000  111.675880
   51.000000  111.346855
   52.000000  111.289871
   53.000000  110.898872
   54.000000  110.775131
   55.000000  110.548355
   56.000000  110.318344
   57.000000  110.091927
   58.000000  109.547180
   59.000000  109.190109
   60.000000  109.062408
   61.000000  108.921570
   62.000000  108.843819
   63.000000  108.234917
   64.000000  108.101204
   65.000000  107.922684
   66.000000  107.872299
   67.000000  107.828033
   68.000000  107.597176
   69.000000  107.410355
   70.000000  107.362190
   71.000000  106.950829
   72.000000  106.866470
   73.000000  106.784637
   74.000000  106.666115
   75.000000  106.221367
   76.000000  105.963333
   77.000000  105.714508
   78.000000  105.337944
   79.000000  104.892929
   80.000000  104.620201
   81.000000  104.406479
   82.000000  104.057335
   83.000000  103.786247
   84.000000  103.578354
   85.000000  103.454926
   86.000000  102.932381
   87.000000  102.786530
   88.000000  102.568741
   89.000000  102.403572
   90.000000  102.290451
   91.000000  102.191246
   92.000000  101.676674
   93.000000  101.332130
   94.000000  100.991898
   95.000000  100.826996
   96.000000  100.651978
   97.000000  100.410141
   98.000000  100.362396
   99.000000  100.251236
  100.000000  100.162796
  101.000000  100.065338
  102.000000   99.855812
  103.000000   99.792244
  104.000000   99.713898
  105.000000   99.459076
  106.000000   99.365807
  107.000000   99.104309
  108.000000   98.830154
  109.000000   98.670296
  110.000000   98.366547
  111.000000   98.246895
  112.000000   98.008507
  113.000000   97.595993
  114.000000   97.421982
  115.000000   97.286522
  116.000000   97.085472
  117.000000   97.026543
  118.000000   96.687485
  119.000000   96.644257
  120.000000   96.572578
  121.000000   96.546371
  122.000000   96.451660
  123.000000   96.317772
  124.000000   96.259995
  125.000000   96.164986
  126.000000   95.874725
  127.000000   95.798126
  128.000000   95.607857
  129.000000   95.447884
  130.000000   95.234337
  131.000000   94.961960
  132.000000   94.580460
  133.000000   94.432213
  134.000000   94.341354
  135.000000   93.771034
  136.000000   93.227333
  137.000000   93.192955
  138.000000   93.148651
  139.000000   92.990891
  140.000000   92.871902
  141.000000   92.819595
  142.000000   92.443329
  143.000000   92.061455
  144.000000   91.956192
  145.000000   91.761795
  146.000000   91.700768
  147.000000   91.338470
  148.000000   91.231468
  149.000000   91.118591
  150.000000   90.957169
  151.000000   90.932045
  152.000000   90.731285
  153.000000   90.587219
  154.000000   90.224670
  155.000000   90.070847
  156.000000   89.979462
  157.000000   89.920479
  158.000000   89.572151
  159.000000   89.428001
  160.000000   89.137650
  161.000000   89.053352
  162.000000   89.018242
  163.000000   88.779442
  164.000000   88.592636
  165.000000   88.422974
  166.000000   88.170502
  167.000000   88.036995
  168.000000   87.908089
  169.000000   87.623512
  170.000000   87.138702
  171.000000   86.872124
  172.000000   86.586983
  173.000000   86.524612
  174.000000   86.331322
  175.000000   86.187813
  176.000000   85.778091
  177.000000   85.522743
  178.000000   85.198814
  179.000000   85.183029
  180.000000   85.095535
  181.000000   84.777542
  182.000000   84.346245
  183.000000   83.995758
  184.000000   83.872742
  185.000000   83.703781
  186.000000   83.504021
  187.000000   83.402443
  188.000000   83.359741
  189.000000   83.273346
  190.000000   83.149612
  191.000000   82.914642
  192.000000   82.307899
  193.000000   82.175339
  194.000000   82.115135
  195.000000   81.964333
  196.000000   81.771683
  197.000000   81.671898
  198.000000   81.101753
  199.000000   80.866112
  200.000000   80.739677
  201.000000   80.626915
  202.000000   80.452240
  203.000000   80.325180
  204.000000   80.231529
  205.000000   79.959045
  206.000000   79.762939
  207.000000   79.428833
  208.000000   79.311180
  209.000000   79.265564
  210.000000   78.986053
  211.000000   78.876076
  212.000000   78.715591
  213.000000   78.456474
  214.000000   78.279587
  215.000000   77.864746
  216.000000   77.642227
  217.000000   77.405121
  218.000000   77.020187
  219.000000   76.850693
  220.000000   76.748245
  221.000000   76.655556
  222.000000   76.632217
  223.000000   76.513748
  224.000000   76.282166
  225.000000   76.039238
  226.000000   75.792068
  227.000000   75.351425
  228.000000   75.305862
  229.000000   75.286476
  230.000000   75.104507
  231.000000   75.040047
  232.000000   74.998779
  233.000000   74.739769
  234.000000   74.469910
  235.000000   74.177338
  236.000000   74.126511
  237.000000   74.049850
  238.000000   73.757042
  239.000000   73.740959
  240.000000   73.607300
  241.000000   73.600685
  242.000000   73.512161
  243.000000   73.357727
  244.000000   73.311928
  245.000000   73.152573
  246.000000   72.999313
  247.000000   72.927902
  248.000000   72.816505
  249.000000   72.622963
  250.000000   72.498650
  251.000000   72.453728
  252.000000   72.253937
  253.000000   72.122826
  254.000000   71.620888
  255.000000   71.423508
  256.000000   71.318283
  257.000000   71.232925
  258.000000   71.108849
  259.000000   70.638023
  260.000000   70.474182
  261.000000   70.117073
  262.000000   69.933510
  263.000000   69.546768
  264.000000   69.477371
  265.000000   69.336929
  266.000000   69.274925
  267.000000   69.193291
  268.000000   69.048454
  269.000000   68.726311
  270.000000   68.632675
  271.000000   68.548431
  272.000000   68.350838
  273.000000   68.238960
  274.000000   68.057678
  275.000000   68.002716
  276.000000   67.927673
  277.000000   67.838829
  278.000000   67.694885
  279.000000   67.602631
  280.000000   67.438507
  281.000000   67.137405
  282.000000   66.877258
  283.000000   66.869751
  284.000000   66.804207
  285.000000   66.733353
  286.000000   66.601669
  287.000000   66.312187
  288.000000   66.154610
  289.000000   65.883446
  290.000000   65.785721
  291.000000   65.734283
  292.000000   65.625626
  293.000000   65.395355
  294.000000   65.321686
  295.000000   65.090912
  296.000000   64.909462
  297.000000   64.841232
  298.000000   64.641335
  299.000000   64.290459
  300.000000   64.169121
  301.000000   64.000870
  302.000000   63.910816
  303.000000   63.812504
  304.000000   63.477364
  305.000000   63.405582
  306.000000   63.036705
  307.000000   62.914505
  308.000000   62.828316
  309.000000   62.741592
  310.000000   62.308578
  311.000000   62.274681
  312.000000   62.197495
  313.000000   62.139568
  314.000000   61.974854
  315.000000   61.650497
  316.000000   61.396393
  317.000000   61.223923
  318.000000   61.138432
  319.000000   60.902447
  320.000000   60.795441
  321.000000   60.602928
  322.000000   60.415451
  323.000000   60.367935
  324.000000   60.133915
  325.000000   59.752060
  326.000000   59.700615
  327.000000   59.485443
  328.000000   59.380142
  329.000000   59.182816
  330.000000   59.086075
  331.000000   59.011627
  332.000000   58.861942
  333.000000   58.655121
  334.000000   58.607544
  335.000000   58.257736
  336.000000   57.943501
  337.000000   57.830078
  338.000000   57.534737
  339.000000   57.329319
  340.000000   57.245525
  341.000000   57.151268
  342.000000   57.013546
  343.000000   56.887234
  344.000000   56.666775
  345.000000   56.363075
  346.000000   56.346817
  347.000000   56.293606
  348.000000   55.943459
  349.000000   55.783394
  350.000000   55.708511
  351.000000   55.633949
  352.000000   55.589455
  353.000000   55.535534
  354.000000   55.355965
  355.000000   55.328922
  356.000000   55.052185
  357.000000   54.963528
  358.000000   54.727028
  359.000000   54.392147
  360.000000   54.384270
  361.000000   54.204788
  362.000000   54.103416
  363.000000   53.835373
  364.000000   53.677345
  365.000000   53.579861
  366.000000   53.551674
  367.000000   53.443993
  368.000000   53.341228
  369.000000   53.246338
  370.000000   52.773933
  371.000000   52.523155
  372.000000   52.185730
  373.000000   52.086853
  374.000000   51.985023
  375.000000   51.873756
  376.000000   51.473660
  377.000000   51.157692
  378.000000   50.807751
  379.000000   50.702515
  380.000000   50.638664
  381.000000   50.406540
  382.000000   50.330734
  383.000000   50.007919
  384.000000   49.801968
  385.000000   49.798782
  386.000000   49.724167
  387.000000   49.668129
  388.000000   49.458893
  389.000000   49.235199
  390.000000   49.075645
  391.000000   49.060303
  392.000000   49.010193
  393.000000   48.968193
  394.000000   48.674332
  395.000000   48.550171
  396.000000   48.430840
  397.000000   47.984188
  398.000000   47.945862
  399.000000   47.913101
  400.000000   47.754684
  401.000000   47.700577
  402.000000   47.675545
  403.000000   47.521362
  404.000000   47.439201
  405.000000   47.285046
  406.000000   47.174728
  407.000000   47.138962
  408.000000   46.720093
  409.000000   46.482212
  410.000000   46.436096
  411.000000   46.311211
  412.000000   46.206154
  413.000000   46.096222
  414.000000   45.893845
  415.000000   45.828255
  416.000000   45.776718
  417.000000   45.590321
  418.000000   45.485992
  419.000000   45.385040
  420.000000   45.260818
  421.000000   45.043278
  422.000000   44.902191
  423.000000   44.824863
  424.000000   44.569641
  425.000000   44.458641
  426.000000   44.316734
  427.000000   44.174515
  428.000000   43.973846
  429.000000   43.694633
  430.000000   43.499935
  431.000000   43.494621
  432.000000   43.482262
  433.000000   43.405167
  434.000000   43.192142
  435.000000   43.024296
  436.000000   43.004990
  437.000000   42.839745
  438.000000   42.751152
  439.000000   42.530792
  440.000000   42.426376
  441.000000   42.389709
  442.000000   42.245537
  443.000000   42.080906
  444.000000   42.033691
  445.000000   41.830345
  446.000000   41.794609
  447.000000   41.702034
  448.000000   41.679901
  449.000000   41.624783
  450.000000   41.591957
  451.000000   41.450558
  452.000000   41.330421
  453.000000   41.153084
  454.000000   41.016094
  455.000000   40.987213
  456.000000   40.869595
  457.000000   40.501778
  458.000000   40.306358
  459.000000   39.938080
  460.000000   39.917625
  461.000000   39.662231
  462.000000   39.537296
  463.000000   39.236317
  464.000000   38.965305
  465.000000   38.827259
  466.000000   38.491436
  467.000000   38.418228
  468.000000   38.376801
  469.000000   38.287712
  470.000000   38.112984
  471.000000   37.944744
  472.000000   37.932350
  473.000000   37.912884
  474.000000   37.837021
  475.000000   37.708195
  476.000000   37.622620
  477.000000   37.404861
  478.000000   37.361465
  479.000000   37.315247
  480.000000   37.109592
  481.000000   37.049107
  482.000000   37.007774
  483.000000   36.977699
  484.000000   36.914337
  485.000000   36.755856
  486.000000   36.504810
  487.000000   36.413689
  488.000000   36.321037
  489.000000   36.185490
  490.000000   36.004303
  491.000000   35.545826
  492.000000   35.418125
  493.000000   35.360287
  494.000000   35.285362
  495.000000   35.201797
  496.000000   35.116032
  497.000000   35.018021
  498.000000   34.913208
  499.000000   34.822872
  500.000000   34.772743
  501.000000   34.581070
  502.000000   34.451797
  503.000000   34.353600
  504.000000   34.271751
  505.000000   34.206722
  506.000000   34.136932
  507.000000   34.101833
  508.000000   34.040016
  509.000000   33.557373
  510.000000   33.357365
  511.000000   33.217754
  512.000000   33.206367
  513.000000   33.084942
  514.000000   33.027943
  515.000000   32.929947
  516.000000   32.809280
  517.000000   32.786060
  518.000000   32.729279
  519.000000   32.706238
  520.000000   32.650948
  521.000000   32.598640
  522.000000   32.554882
  523.000000   32.338631
  524.000000   32.229309
  525.000000   31.970961
  526.000000   31.887207
  527.000000   31.530495
  528.000000   31.513693
  529.000000   31.435141
  530.000000   31.274693
  531.000000   31.221411
  532.000000   31.128412
  533.000000   31.048870
  534.000000   30.968132
  535.000000   30.912542
  536.000000   30.765629
  537.000000   30.710873
  538.000000   30.679789
  539.000000   30.176630
  540.000000   30.141708
  541.000000   30.031694
  542.000000   30.020679
  543.000000   29.842962
  544.000000   29.767897
  545.000000   29.527758
  546.000000   29.494169
  547.000000   29.493063
  548.000000   29.341955
  549.000000   29.265219
  550.000000   29.207560
  551.000000   29.124531
  552.000000   28.958414
  553.000000   28.943081
  554.000000   28.927784
  555.000000   28.789497
  556.000000   28.744490
  557.000000   28.658318
  558.000000   28.628778
  559.000000   28.433969
  560.000000   28.202585
  561.000000   28.068363
  562.000000   27.955284
  563.000000   27.792368
  564.000000   27.631590
  565.000000   27.429661
  566.000000   27.381599
  567.000000   27.308113
  568.000000   26.991125
  569.000000   26.924187
  570.000000   26.749256
  571.000000   26.419523
  572.000000   26.298559
  573.000000   26.221319
  574.000000   25.987360
  575.000000   25.893145
  576.000000   25.877056
  577.000000   25.752754
  578.000000   25.681717
  579.000000   25.594536
  580.000000   25.513811
  581.000000   25.427797
  582.000000   25.279488
  583.000000   25.211597
  584.000000   25.153845
  585.000000   24.967022
  586.000000   24.820753
  587.000000   24.752731
  588.000000   24.636745
  589.000000   24.568007
  590.000000   24.415333
  591.000000   24.381050
  592.000000   24.317825
  593.000000   24.272438
  594.000000   24.007021
  595.000000   23.993586
  596.000000   23.887339
  597.000000   23.868170
  598.000000   23.866051
  599.000000   23.757330
  600.000000   23.691072
  601.000000   23.478678
  602.000000   23.076292
  603.000000   22.776653
  604.000000   22.619915
  605.000000   22.598778
  606.000000   22.438999
  607.000000   22.250574
  608.000000   21.874607
  609.000000   21.745468
  610.000000   21.640209
  611.000000   21.517530
  612.000000   21.384762
  613.000000   21.237560
  614.000000   21.132496
  615.000000   20.999252
  616.000000   20.921108
  617.000000   20.874138
  618.000000   20.818930
  619.000000   20.587463
  620.000000   20.511286
  621.000000   20.460400
  622.000000   20.437328
  623.000000   20.241631
  624.000000   20.217930
  625.000000   20.181454
  626.000000   20.037167
  627.000000   19.989143
  628.000000   19.943624
  629.000000   19.828493
  630.000000   19.777481
  631.000000   19.703657
  632.000000   19.680983
  633.000000   19.633936
  634.000000   19.537554
  635.000000   19.441103
  636.000000   19.406946
  637.000000   19.263546
  638.000000   19.133183
  639.000000   19.018265
  640.000000   19.008450
  641.000000   18.909056
  642.000000   18.828533
  643.000000   18.758465
  644.000000   18.551226
  645.000000   18.376013
  646.000000   18.191633
  647.000000   18.108273
  648.000000   18.043390
  649.000000   17.902868
  650.000000   17.804787
  651.000000   17.709692
  652.000000   17.632456
  653.000000   17.337601
  654.000000   17.275200
  655.000000   17.272877
  656.000000   17.232771
  657.000000   17.160433
  658.000000   17.081554
  659.000000   17.016687
  660.000000   16.974291
  661.000000   16.930372
  662.000000   16.810642
  663.000000   16.466431
  664.000000   16.455154
  665.000000   16.364986
  666.000000   16.325905
  667.000000   16.272469
  668.000000   16.157988
  669.000000   16.155029
  670.000000   15.959169
  671.000000   15.906086
  672.000000   15.835056
  673.000000   15.783339
  674.000000   15.766136
  675.000000   15.726921
  676.000000   15.671352
  677.000000   15.603342
  678.000000   15.595274
  679.000000   15.358860
  680.000000   15.316828
  681.000000   15.255892
  682.000000   15.100510
  683.000000   15.066151
  684.000000   15.000629
  685.000000   14.913248
  686.000000   14.876837
  687.000000   14.714958
  688.000000   14.529776
  689.000000   14.448526
  690.000000   14.200653
  691.000000   13.961483
  692.000000   13.888796
  693.000000   13.789999
  694.000000   13.735468
  695.000000   13.632793
  696.000000   13.574041
  697.000000   13.481634
  698.000000   13.464186
  699.000000   13.203604
  700.000000   13.151644
  701.000000   13.063503
  702.000000   13.001482
  703.000000   12.988033
  704.000000   12.911703
  705.000000   12.770557
  706.000000   12.684546
  707.000000   12.659674
  708.000000   12.512562
  709.000000   12.474178
  710.000000   12.294662
  711.000000   12.259523
  712.000000   12.147205
  713.000000   12.100517
  714.000000   11.863058
  715.000000   11.750032
  716.000000   11.675541
  717.000000   11.652056
  718.000000   11.566397
  719.000000   11.492456
  720.000000   11.480509
  721.000000   11.338196
  722.000000   11.206882
  723.000000   11.127245
  724.000000   11.116863
  725.000000   11.049858
  726.000000   10.955738
  727.000000   10.946802
  728.000000   10.907949
  729.000000   10.849207
  730.000000   10.818388
  731.000000   10.810253
  732.000000   10.748420
  733.000000   10.718937
  734.000000   10.624100
  735.000000   10.532148
  736.000000   10.440830
  737.000000   10.314496
  738.000000   10.046333
  739.000000    9.993414
  740.000000    9.970415
  741.000000    9.870541
  742.000000    9.868893
  743.000000    9.864965
  744.000000    9.854700
  745.000000    9.827396
  746.000000    9.806717
  747.000000    9.759878
  748.000000    9.715462
  749.000000    9.660591
  750.000000    9.596947
  751.000000    9.508028
  752.000000    9.412228
  753.000000    9.408199
  754.000000    9.280455
  755.000000    9.215181
  756.000000    9.139004
  757.000000    8.953230
  758.000000    8.944463
  759.000000    8.769337
  760.000000    8.573328
  761.000000    8.518127
  762.000000    8.489853
  763.000000    8.418001
  764.000000    8.402332
  765.000000    8.357986
  766.000000    8.313354
  767.000000    8.295966
  768.000000    8.201481
  769.000000    8.136680
  770.000000    8.121923
  771.000000    7.986399
  772.000000    7.896169
  773.000000    7.829718
  774.000000    7.733621
  775.000000    7.690241
  776.000000    7.655241
  777.000000    7.550183
  778.000000    7.528874
  779.000000    7.482126
  780.000000    7.405072
  781.000000    7.393070
  782.000000    7.380699
  783.000000    7.333494
  784.000000    7.286398
  785.000000    7.205248
  786.000000    7.199656
  787.000000    7.125133
  788.000000    7.065154
  789.000000    7.019390
  790.000000    6.951958
  791.000000    6.927266
  792.000000    6.919638
  793.000000    6.886687
  794.000000    6.855167
  795.000000    6.854600
  796.000000    6.852386
  797.000000    6.840229
  798.000000    6.812893
  799.000000    6.743940
  800.000000    6.720078
  801.000000    6.709828
  802.000000    6.708672
  803.000000    6.663706
  804.000000    6.654586
  805.000000    6.573133
  806.000000    6.547502
  807.000000    6.528051
  808.000000    6.491241
  809.000000    6.460956
  810.000000    6.435016
  811.000000    6.423406
  812.000000    6.309107
  813.000000    6.263191
  814.000000    6.223857
  815.000000    6.198298
  816.000000    6.188542
  817.000000    6.159391
  818.000000    6.137835
  819.000000    6.132472
  820.000000    6.089111
  821.000000    6.030130
  822.000000    5.956941
  823.000000    5.915404
  824.000000    5.848390
  825.000000    5.785954
  826.000000    5.715118
  827.000000    5.692576
  828.000000    5.688494
  829.000000    5.514234
  830.000000    5.411799
  831.000000    5.396249
  832.000000    5.268258
  833.000000    5.206129
  834.000000    5.152006
  835.000000    5.136449
  836.000000    5.098452
  837.000000    5.029770
  838.000000    5.005847
  839.000000    4.877279
  840.000000    4.827225
  841.000000    4.735954
  842.000000    4.722137
  843.000000    4.715511
  844.000000    4.694834
  845.000000    4.617869
  846.000000    4.588429
  847.000000    4.575279
  848.000000    4.506847
  849.000000    4.491007
  850.000000    4.464989
  851.000000    4.444360
  852.000000    4.439926
  853.000000    4.309542
  854.000000    4.286975
  855.000000    4.227071
  856.000000    4.197948
  857.000000    4.196605
  858.000000    4.097131
  859.000000    4.053930
  860.000000    4.042505
  861.000000    4.008072
  862.000000    3.924131
  863.000000    3.910288
  864.000000    3.788429
  865.000000    3.721447
  866.000000    3.629297
  867.000000    3.559612
  868.000000    3.452051
  869.000000    3.253538
  870.000000    3.129484
  871.000000    3.102624
  872.000000    2.999223
  873.000000    2.922674
  874.000000    2.793609
  875.000000    2.643849
  876.000000    2.504289
  877.000000    2.388628
  878.000000    2.074682
  879.000000    1.924778
  880.000000    1.811432
  881.000000    1.748138
  882.000000    1.477018
  883.000000    1.306389
  884.000000    1.099049
  885.000000    0.944044
  886.000000    0.855965
  887.000000    0.606064
  888.000000    0.485018
  889.000000    0.422424
  890.000000    0.145384
  891.000000   -0.072306
  892.000000   -0.274950
  893.000000   -0.384972
  894.000000   -0.516968
  895.000000   -0.666012
  896.000000   -0.796131
  897.000000   -0.874151
  898.000000   -0.906260
  899.000000   -1.117554
  900.000000   -1.360390
  901.000000   -1.609501
  902.000000   -1.780882
  903.000000   -1.863699
  904.000000   -1.994431
  905.000000   -2.199665
  906.000000   -2.480225
  907.000000   -2.542084
  908.000000   -2.728455
  909.000000   -3.183384
  910.000000   -3.340107
  911.000000   -3.443764
  912.000000   -3.560307
  913.000000   -3.672287
  914.000000   -3.802582
  915.000000   -3.906902
  916.000000   -4.262817
  917.000000   -4.448891
  918.000000   -4.573406
  919.000000   -4.640366
  920.000000   -4.941109
  921.000000   -5.031849
  922.000000   -5.130302
  923.000000   -5.306419
  924.000000   -5.564068
  925.000000   -5.745735
  926.000000   -5.912102
  927.000000   -6.098251
  928.000000   -6.223660
  929.000000   -6.413284
  930.000000   -6.514175
  931.000000   -6.683723
  932.000000   -6.842285
  933.000000   -7.048553
  934.000000   -7.156197
  935.000000   -7.382576
  936.000000   -7.579193
  937.000000   -7.677437
  938.000000   -7.780304
  939.000000   -7.881676
  940.000000   -8.007622
  941.000000   -8.118927
  942.000000   -8.267120
  943.000000   -8.404945
  944.000000   -8.532494
  945.000000   -8.575272
  946.000000   -8.654991
  947.000000   -8.746300
  948.000000   -8.858543
  949.000000   -9.054909
  950.000000   -9.299774
  951.000000   -9.356232
  952.000000   -9.450096
  953.000000   -9.523140
  954.000000   -9.571358
  955.000000   -9.665321
  956.000000   -9.696770
  957.000000   -9.778709
  958.000000   -9.824150
  959.000000   -9.915794
  960.000000   -9.959045
  961.000000   -9.994881
  962.000000  -10.008080
  963.000000  -10.057022
  964.000000  -10.064690
  965.000000  -10.079910
  966.000000  -10.105362
  967.000000  -10.130554
  968.000000  -10.226212
  969.000000  -10.245903
  970.000000  -10.287613
  971.000000  -10.332619
  972.000000  -10.383728
  973.000000  -10.457771
  974.000000  -10.517517
  975.000000  -10.542229
  976.000000  -10.684883
  977.000000  -10.726860
  978.000000  -10.792259
  979.000000  -10.860229
  980.000000  -10.924438
  981.000000  -11.086472
  982.000000  -11.315102
  983.000000  -11.473099
  984.000000  -11.666046
  985.000000  -11.841980
  986.000000  -12.001038
  987.000000  -12.115494
  988.000000  -12.382172
  989.000000  -12.534714
  990.000000  -12.744888
  991.000000  -13.087311
  992.000000  -13.259827
  993.000000  -13.504303
  994.000000  -13.631836
  995.000000  -13.866440
  996.000000  -14.064377
  997.000000  -14.221024
  998.000000  -14.551926
  999.000000  -14.834991
 1000.000000  -15.029526
